0
0
0
0
0
0
0
0
0
0
0
0
0
0
0
0
65
240
0
0
0
0
0
1
0
0
0
0
0
0
0
0
67
127
0
0
0
0
0
0
0
0
0
1
0
0
0
2
0
0
0
0
66
200
0
0
63
128
0
0
66
200
0
0
0
0
0
0
193
240
0
0
0
0
0
0
63
128
0
0
62
76
204
205
67
127
0
0
67
127
0
0
0
0
0
0
0
0
0
0
0
0
0
0
0
0
0
3
0
0
0
1
0
0
0
0
65
240
0
0
65
240
0
0
65
240
0
0
0
0
0
0
65
160
0
0
0
0
0
0
63
128
0
0
63
128
0
0
67
127
0
0
67
127
0
0
67
127
0
0
67
127
0
0
0
0
0
0
0
0
0
3
0
0
0
1
0
0
0
0
65
136
0
0
65
136
0
0
65
136
0
0
193
112
0
0
65
160
0
0
193
112
0
0
191
128
0
0
63
76
204
205
67
127
0
0
67
127
0
0
0
0
0
0
0
0
0
0
255
255
255
255
0
0
0
0
255
255
255
255
0
0
0
1
255
255
255
255
0
0
0
2
255
255
255
255
255
255
255
255
0
0
0
99
0
0
0
0
0
0
0
1
0
0
0
2
255
255
255
255
255
255
255
255
