0
0
0
0
0
0
0
0
0
0
0
0
0
0
0
0
65
240
0
0
0
0
0
1
65
240
0
0
65
240
0
0
67
127
0
0
0
0
0
0
0
0
0
1
0
0
0
1
0
0
0
0
65
32
0
0
65
32
0
0
66
72
0
0
0
0
0
0
0
0
0
0
0
0
0
0
63
128
0
0
63
128
0
0
67
127
0
0
67
127
0
0
67
127
0
0
67
127
0
0
0
0
0
0
0
0
0
1
0
0
0
1
0
0
0
1
65
32
0
0
65
32
0
0
66
72
0
0
0
0
0
0
0
0
0
0
0
0
0
0
63
128
0
0
63
128
0
0
67
127
0
0
67
127
0
0
67
127
0
0
67
127
0
0
66
52
0
0
66
52
0
0
0
0
0
0
255
255
255
255
0
0
0
0
255
255
255
255
0
0
0
1
255
255
255
255
255
255
255
255
0
0
0
99
0
0
0
0
0
0
0
1
255
255
255
255
255
255
255
255
